291156
165132
308502
17541
138994
299906
235941
271029
138994
103608
117816
34979
103608
165132
103608
308502
327704
332241
357476
327704
165132
96935
96935
117816
61872
357476
103608
96935
332241
299906
138994
269046
103608
165132
61872
299906
103608
34979
332241
62658
261460
23841
165132
327704
138994
103608
62658
327704
165132
96935
138994
23841
332241
327704
166227
103608
235941
34979
138994
299906
103608
62658
332241
327704
103608
308502
327704
332241
271029
138994
34979
34979
117816
61872
357476
103608
165132
61872
299906
103608
357476
138994
61872
138994
327704
165132
261460
117816
61872
357476
103608
269046
165132
327704
357476
138994
103608
299906
165132
261460
165132
103608
34979
138994
261460
34979
173579
103608
353613
261460
103608
23841
165132
34979
103608
299906
138994
154244
138994
269046
332241
308502
138994
299906
103608
266431
185803
103608
159711
332241
332241
357476
269046
138994
103608
117816
61872
103608
243323
216794
216794
305130
103608
165132
61872
299906
103608
117816
34979
103608
235941
34979
138994
299906
103608
138994
156085
261460
138994
61872
34979
117816
154244
138994
269046
185803
103608
117816
61872
103608
266431
117816
357476
103608
299906
165132
261460
165132
103608
308502
327704
332241
271029
138994
34979
34979
117816
61872
357476
173579
103608
163745
46121
138994
103608
266431
165132
34979
117816
271029
103608
117816
299906
138994
165132
103608
332241
62658
103608
291156
165132
308502
17541
138994
299906
235941
271029
138994
103608
117816
34979
103608
261460
332241
103608
34979
308502
269046
117816
261460
103608
165132
103608
269046
165132
327704
357476
138994
103608
299906
165132
261460
165132
103608
34979
138994
261460
103608
117816
61872
261460
332241
103608
34979
96935
165132
269046
269046
138994
327704
103608
34979
235941
266431
34979
138994
261460
34979
103608
165132
61872
299906
103608
261460
46121
138994
61872
103608
308502
327704
332241
271029
138994
34979
34979
103608
138994
165132
271029
46121
103608
34979
235941
266431
34979
138994
261460
103608
117816
61872
103608
308502
165132
327704
165132
269046
269046
138994
269046
103608
165132
271029
327704
332241
34979
34979
103608
96935
235941
269046
261460
117816
308502
269046
138994
103608
271029
332241
96935
308502
235941
261460
138994
327704
34979
173579
162506
162506
163745
46121
138994
103608
308502
327704
332241
271029
138994
34979
34979
117816
61872
357476
103608
117816
34979
103608
299906
117816
154244
117816
299906
138994
299906
103608
117816
61872
261460
332241
103608
261460
23841
332241
103608
34979
261460
165132
357476
138994
34979
70367
103608
261460
46121
138994
103608
96935
165132
308502
103608
34979
261460
165132
357476
138994
103608
165132
61872
299906
103608
261460
46121
138994
103608
327704
138994
299906
235941
271029
138994
103608
34979
261460
165132
357476
138994
173579
103608
353613
61872
103608
261460
46121
138994
103608
96935
165132
308502
103608
34979
261460
165132
357476
138994
25953
103608
261460
46121
138994
103608
117816
61872
308502
235941
261460
103608
299906
165132
261460
165132
103608
117816
34979
103608
34979
308502
269046
117816
261460
103608
117816
61872
261460
332241
103608
166227
138994
185803
197416
154244
165132
269046
235941
138994
103608
308502
165132
117816
327704
34979
103608
165132
61872
299906
103608
308502
327704
332241
271029
138994
34979
34979
138994
299906
103608
117816
61872
103608
308502
165132
327704
165132
269046
269046
138994
269046
103608
165132
271029
327704
332241
34979
34979
103608
96935
235941
269046
261460
117816
308502
269046
138994
103608
96935
165132
271029
46121
117816
61872
138994
34979
173579
103608
353613
61872
103608
261460
46121
138994
103608
327704
138994
299906
235941
271029
138994
103608
34979
261460
165132
357476
138994
25953
103608
261460
46121
138994
103608
332241
235941
261460
308502
235941
261460
103608
332241
62658
103608
261460
46121
138994
103608
96935
165132
308502
103608
34979
261460
165132
357476
138994
103608
117816
34979
103608
271029
332241
96935
266431
117816
61872
138994
299906
103608
165132
61872
299906
103608
327704
138994
299906
235941
271029
138994
299906
103608
117816
61872
261460
332241
103608
165132
103608
34979
96935
165132
269046
269046
138994
327704
103608
34979
138994
261460
103608
332241
62658
103608
166227
138994
185803
197416
154244
165132
269046
235941
138994
103608
308502
165132
117816
327704
34979
173579
103608
163745
46121
138994
103608
332241
235941
261460
308502
235941
261460
103608
332241
62658
103608
261460
46121
138994
103608
327704
138994
299906
235941
271029
138994
103608
34979
261460
165132
357476
138994
103608
117816
34979
103608
261460
46121
138994
61872
103608
261460
46121
138994
103608
62658
117816
61872
165132
269046
103608
327704
138994
34979
235941
269046
261460
103608
332241
62658
103608
261460
46121
138994
103608
291156
165132
308502
17541
138994
299906
235941
271029
138994
103608
65790
332241
266431
173579
162506
162506
291156
165132
308502
17541
138994
299906
235941
271029
138994
103608
117816
34979
103608
299906
138994
34979
117816
357476
61872
138994
299906
103608
261460
332241
103608
23841
332241
327704
166227
103608
332241
61872
103608
269046
165132
327704
357476
138994
103608
299906
165132
261460
165132
103608
34979
138994
261460
34979
103608
261460
46121
165132
261460
103608
271029
165132
61872
103608
266431
138994
103608
308502
327704
332241
271029
138994
34979
34979
138994
299906
103608
117816
61872
103608
308502
165132
327704
165132
269046
269046
138994
269046
103608
165132
271029
327704
332241
34979
34979
103608
96935
235941
269046
261460
117816
308502
269046
138994
103608
96935
165132
271029
46121
117816
61872
138994
34979
25953
103608
23841
46121
117816
271029
46121
103608
96935
165132
166227
138994
34979
103608
117816
261460
103608
34979
235941
117816
261460
165132
266431
269046
138994
103608
62658
332241
327704
103608
266431
117816
357476
103608
299906
165132
261460
165132
103608
308502
327704
332241
271029
138994
34979
34979
117816
61872
357476
103608
261460
165132
34979
166227
34979
173579
103608
353613
261460
103608
46121
165132
34979
103608
266431
138994
271029
332241
96935
138994
103608
165132
103608
34979
261460
165132
61872
299906
165132
327704
299906
103608
261460
332241
332241
269046
103608
117816
61872
103608
261460
46121
138994
103608
62658
117816
138994
269046
299906
103608
332241
62658
103608
299906
165132
261460
165132
103608
308502
327704
332241
271029
138994
34979
34979
117816
61872
357476
103608
165132
61872
299906
103608
117816
34979
103608
23841
117816
299906
138994
269046
185803
103608
235941
34979
138994
299906
103608
117816
61872
103608
117816
61872
299906
235941
34979
261460
327704
185803
103608
165132
61872
299906
103608
165132
271029
165132
299906
138994
96935
117816
165132
173579